Currency HolidaysCurrency= SIT,Year= 2020Year,Month,Day,Name
